977
890
393
11
320
776
65
533
571
226
23
13
113
612
979
342
136
101
221
373
523
821
235
850
258
640
963
815
414
821
339
218
512
568
402
479
320
93
468
278
263
898
222
610
58
484
283
492
966
903
271
475
637
730
342
565
386
677
873
991
390
915
467
407
548
302
484
929
785
993
551
458
770
297
158
996
121
763
252
103
591
504
408
622
215
326
366
900
993
926
956
445
848
154
546
471
789
297
120
644
188
112
805
323
991
981
462
423
653
849
935
807
383
407
942
661
399
159
953
136
702
721
551
821
963
57
561
363
183
793
78
931
901
720
662
788
392
832
28
419
576
711
832
101
798
8
230
536
449
579
113
770
887
61
811
793
800
630
854
619
350
226
353
699
237
368
641
277
900
571
56
759
187
4
453
888
773
897
164
470
31
618
313
34
241
685
288
317
218
76
767
569
927
177
849
663
57
355
907
75
677
810
27
500
641
833
291
121
796
756
335
866
954
323
712
207
184
853
314
304
726
152
606
221
743
977
565
77
995
732
3
794
824
388
505
146
209
921
134
605
481
715
31
881
521
558
914
441
407
832
266
659
560
793
550
608
301
341
310
283
549
515
94
991
647
261
640
623
77
653
553
762
682
896
291
605
432
909
560
214
245
351
699
574
990
121
423
353
714
151
77
31
540
872
448
623
541
954
160
436
4
779
198
679
101
423
343
205
312
60
717
235
749
53
584
710
307
971
64
774
747
21
686
15
852
783
415
419
755
563
76
375
515
973
553
728
319
866
345
671
834
592
667
198
295
138
472
215
126
439
198
539
588
240
13
71
600
989
638
337
499
826
443
620
439
818
48
522
291
536
914
43
188
937
11
711
803
64
884
123
221
875
13
573
229
37
175
759
608
185
503
379
262
32
491
914
1
583
6
131
49
585
615
214
217
897
467
409
823
463
326
504
812
842
997
833
586
69
521
318
365
186
688
685
615
939
143
172
38
936
693
62
303
440
897
747
248
31
967
443
954
201
19
518
663
282
986
347
718
226
288
290
235
384
276
903
663
434
546
638
972
940
44
161
654
881
343
174
503
766
479
385
392
509
954
903
9
368
466
311
225
118
152
847
104
116
709
696
472
354
575
907
114
656
570
743
763
185
60
103
972
407
371
943
35
80
40
798
328
706
902
286
359
256
991
449
612
938
824
921
446
101
946
617
508
916
931
700
443
350
965
993
773
772
384
288
298
33
915
331
707
375
923
852
650
698
900
536
575
909
614
207
817
488
777
450
533
856
599
288
224
319
682
193
90
846
242
551
693
793
412
379
270
996
883
711
324
924
93
276
783
29
231
746
368
242
408
681
253
760
29
154
758
666
354
97
788
141
651
19
892
908
443
340
716
990
641
655
238
578
320
717
440
822
117
562
602
953
761
96
112
39
399
865
707
963
796
804
15
744
403
211
557
249
523
964
611
937
632
212
97
680
657
711
806
40
678
736
112
635
108
137
603
507
759
397
901
376
562
938
489
989
632
521
960
354
311
886
580
347
946
424
847
446
124
850
605
226
62
700
551
367
936
13
869
167
316
17
382
386
99
254
846
146
142
264
269
898
703
189
332
947
578
456
928
2
143
849
467
298
90
611
363
655
715
755
529
308
648
540
731
524
876
85
452
815
660
928
713
692
973
355
800
829
597
398
103
630
117
78
561
569
36
310
592
531
276
633
777
510
695
661
799
852
290
110
422
769
431
589
964
667
292
90
304
518
878
497
525
647
775
517
355
531
692
29
70
144
369
869
708
859
859
966
624
136
989
83
138
658
492
378
644
243
668
977
740
192
22
445
593
446
34
671
477
994
194
184
55
10
376
871
584
37
429
819
81
961
13
650
969
433
377
729
192
353
112
12
928
973
284
330
67
678
370
678
437
471
978
915
89
610
975
685
157
228
325
352
281
301
670
466
211
456
63
450
271
721
79
770
764
559
998
259
755
108
661
41
890
835
186
60
598
558
147
129
232
351
973
485
389
332
236
656
808
121
524
11
367
514
252
677
968
283
777
142
1
173
823
88
974
575
844
438
203
27
913
849
694
483
320
261
171
693
152
692
114
595
34
167
130
270
642
985
747
643
774
831
727
942
623
39
311
938
383
541
294
93
514
536
65
727
753
832
602
794
345
51
941
832
823
510
319
179
152
236
842
981
350
996
834
475
550
307
996
465
394
8
981
7
845
251
114
45
76
943
990
940
800
574
302
249
4
903
206
942
231
623
524
704
443
271
747
903
832
363
317
476
365
85
891
677
488
849
416
829
298
312
575
488
781
291
242
80
790
630
335
707
8
669
543
210
588
222
820
204
596
672
406
180
521
459
898
786
106
333
630
841
959
593
568
719
588
578
75
809
382
892
462
373
219
49
140
784
657
625
722
298
379
818
557
443
751
240
708
499
837
13
661
103
663
651
465
660
28
255
984
121
754
671
826
264
698
587
912
782
977
52
239
17
998
125
987
281
616
328
59
870
221
322
763
889
872
535
140
101
604
180
673
244
596
440
575
465
770
998
255
137
481
943
611
52
204
814
464
983
128
917
611
251
733
784
359
258
768
758
268
284
637
206
519
938
612
977
374
918
999
848
433
266
668
554
808
151
54
709
243
299
65
225
637
160
490
508
859
241
248
146
680
608
977
475
372
161
637
582
577
673
910
516
973
683
634
843
763
624
826
818
964
444
513
893
824
632
463
279
838
402
649
926
37
1
729
733
474
583
309
544
225
269
21
283
726
205
435
736
948
27
548
135
599
819
800
707
152
906
851
155
334
422
176
4
717
325
228
484
436
256
729
39
849
359
637
593
313
578
621
238
409
4
116
373
848
97
146
472
87
879
75
8
902
398
395
26
504
112
240
897
765
108
576
353
556
287
32
91
341
794
974
470
557
282
703
41
514
81
149
223
595
374
567
129
538
485
522
384
195
437
996
98
246
487
221
997
321
863
291
958
988
895
555
324
672
546
169
739
191
77
273
691
460
179
637
745
111
976
523
71
278
288
251
729
473
867
377
868
440
47
130
984
547
194
154
860
202
260
648
72
89
157
756
1
616
854
212
367
259
394
241
969
610
925
388
44
404
603
552
152
412
816
569
535
526
839
564
879
938
775
0
225
962
793
66
223
963
89
48
210
671
810
190
979
207
901
212
476
443
446
769
844
976
755
136
566
988
852
869
692
684
24
289
742
163
228
450
963
951
369
688
470
279
184
158
984
424
640
51
956
819
827
447
46
167
105
122
36
460
228
487
32
678
770
571
794
332
748
732
923
120
183
344
3
831
631
563
500
698
650
122
618
8
228
821
716
635
710
284
659
797
678
637
581
854
685
713
860
442
407
362
592
840
441
852
716
841
572
540
426
499
231
279
250
558
64
495
352
731
105
180
395
767
681
651
324
945
454
572
54
718
448
855
907
305
516
552
220
938
597
234
855
478
722
111
481
223
966
708
17
911
961
43
556
28
834
444
90
106
641
764
109
234
616
714
289
785
489
503
427
981
411
895
96
551
477
378
999
309
660
693
795
189
816
829
923
867
52
17
186
790
748
894
675
466
547
163
905
314
308
513
670
415
914
293
797
961
130
556
127
35
981
469
978
634
327
337
530
351
221
35
481
27
510
19
602
485
857
492
26
145
969
163
676
502
598
615
540
877
998
269
959
55
747
750
872
599
168
868
894
556
171
10
660
875
827
941
769
641
652
66
892
925
506
182
669
297
125
295
95
13
869
654
8
284
950
414
176
434
500
299
136
889
497
497
710
404
114
437
6
366
629
298
778
58
198
363
990
1
713
207
699
144
834
975
480
294
210
966
596
713
16
64
412
995
818
682
646
161
323
988
315
76
628
662
138
875
999
727
349
897
753
723
655
392
940
35
17
587
762
508
539
326
671
885
611
7
533
523
285
921
271
217
779
211
478
740
612
587
218
99
670
434
363
96
329
998
780
921
202
304
876
251
643
921
201
584
47
402
597
340
104
791
207
116
889
785
171
755
395
669
238
4
177
351
213
325
18
422
727
745
651
990
406
869
360
707
102
3
204
979
851
383
355
885
532
364
5
449
298
447
193
31
349
912
288
809
137
570
977
320
655
541
442
970
968
796
843
6
804
41
838
928
504
796
361
471
645
478
814
454
472
235
348
499
874
918
911
729
919
789
237
842
548
776
871
995
905
474
101
645
459
971
456
855
259
531
953
553
157
692
41
29
836
48
891
677
813
710
85
31
443
530
559
154
864
206
155
687
133
940
359
604
571
663
169
213
712
266
252
51
654
591
63
592
662
237
723
923
445
884
564
79
708
924
138
711
370
857
39
711
540
995
159
371
518
705
734
923
167
235
54
52
721
973
57
841
503
116
928
320
533
567
232
679
696
930
225
674
327
588
81
709
954
824
602
967
764
392
146
648
587
711
459
990
699
241
380
174
5
563
939
384
224
244
466
699
614
213
941
455
440
972
581
249
644
85
184
151
228
676
318
483
105
928
898
446
924
181
589
735
23
560
51
66
229
506
311
446
661
352
388
347
161
818
563
327
655
347
737
807
269
355
3
773
175
159
901
581
442
374
826
842
785
488
435
299
378
832
729
198
424
113
658
446
804
601
873
326
922
624
809
612
673
173
935
873
460
316
199
711
13
725
617
803
623
675
594
566
880
621
4
321
132
362
268
804
824
295
908
494
782
427
116
482
594
667
154
560
768
9
506
625
439
370
923
533
912
215
114
778
475
983
695
842
177
416
207
93
773
372
14
855
520
528
155
833
793
966
683
45
813
428
543
514
967
257
111
773
829
305
174
228
75
732
909
373
258
499
668
315
400
266
285
196
648
857
39
246
232
594
485
840
56
261
444
599
725
598
236
571
395
861
570
838
211
811
1
463
186
342
135
697
364
283
576
295
762
490
112
134
261
864
409
817
53
851
237
737
186
657
286
115
731
569
274
197
278
478
414
231
472
857
142
230
224
338
986
57
158
408
656
472
826
607
423
381
327
861
162
901
676
103
146
738
563
367
845
4
512
374
509
806
820
227
402
239
788
914
904
578
896
156
715
113
520
871
786
830
974
275
921
247
343
454
617
652
196
109
65
469
774
64
257
165
393
259
947
562
7
890
953
409
170
568
493
534
382
258
776
707
777
761
667
607
845
170
170
322
116
410
396
257
568
724
84
899
791
601
912
835
87
164
102
775
734
274
890
60
280
585
354
454
376
200
765
659
596
274
928
710
325
669
621
141
646
439
475
374
230
907
205
430
840
249
865
844
429
423
298
23
376
784
818
706
294
602
760
472
573
154
82
918
857
680
406
471
559
105
78
972
676
691
439
6
37
283
385
85
706
45
822
842
514
225
20
976
227
346
879
19
913
568
788
339
556
612
131
361
408
57
207
657
366
817
46
278
910
186
262
256
135
501
156
84
162
513
814
272
285
921
631
372
468
756
60
666
618
762
372
389
111
722
610
357
942
942
748
358
218
129
114
877
978
558
268
454
714
611
602
649
820
111
444
448
151
884
759
314
300
931
530
814
966
208
156
73
542
768
805
887
397
418
304
655
756
820
260
793
221
185
266
616
737
172
132
196
66
450
486
282
525
384
722
357
74
562
308
110
89
125
151
213
318
348
787
62
12
866
207
745
662
87
477
390
618
878
226
691
5
172
994
403
644
474
531
163
124
323
660
25
145
915
259
391
769
620
901
951
22
595
304
41
185
261
709
53
237
550
771
650
312
777
96
19
361
473
517
450
236
263
227
818
324
726
41
857
450
698
294
474
888
65
283
881
769
672
848
485
138
588
35
563
102
627
470
119
672
105
872
199
571
906
356
100
729
757
25
472
474
23
992
626
792
267
353
37
828
572
937
35
381
494
318
593
383
337
367
474
375
748
762
903
127
110
498
160
128
437
72
911
202
974
108
566
788
135
891
116
373
554
799
425
279
87
491
358
787
280
100
633
232
473
61
433
779
552
840
877
828
866
494
867
984
264
677
899
889
852
345
710
750
26
2
20
304
993
603
370
988
197
858
642
673
73
336
240
926
627
350
260
359
364
291
467
80
606
341
831
790
571
788
840
478
113
618
52
646
82
19
17
333
768
707
674
891
32
227
396
186
10
50
257
734
118
312
966
518
253
144
353
800
134
154
182
655
844
23
203
776
951
610
101
97
273
732
269
650
720
338
505
117
1
188
820
620
728
527
454
242
230
972
402
142
496
511
897
807
760
818
611
162
561
837
616
863
887
285
266
695
332
620
822
34
792
89
604
53
205
532
897
322
839
409
753
229
88
259
573
747
753
417
640
394
863
110
704
95
555
832
923
921
696
895
715
744
702
344
127
676
220
475
131
184
625
677
800
309
665
956
346
313
227
517
367
593
249
941
457
47
904
291
131
402
179
991
553
537
546
38
887
358
412
106
670
916
338
124
647
24
364
171
967
416
397
685
434
589
978
667
453
935
684
788
415
355
971
658
435
827
898
44
324
48
672
511
670
403
195
250
285
459
895
165
474
402
539
301
896
646
107
416
334
368
671
463
969
799
279
910
983
468
903
904
946
462
542
695
975
390
569
554
143
530
590
461
104
780
790
191
913
622
129
941
994
995
437
631
538
390
638
496
291
794
890
768
231
789
103
326
953
627
484
439
557
623
979
267
898
929
959
120
561
407
539
983
98
600
213
854
562
138
182
113
359
680
395
166
601
955
251
778
920
854
839
828
116
95
149
388
422
701
408
717
156
872
778
293
272
322
951
749
66
507
944
195
678
892
779
632
979
656
846
720
449
184
837
260
56
766
488
602
438
872
575
614
69
25
223
411
180
746
384
123
855
124
536
918
133
259
33
476
818
987
530
564
837
455
244
627
591
670
389
852
723
213
405
497
583
452
646
998
603
3
782
181
375
812
785
363
676
228
311
457
212
511
966
704
436
623
183
632
326
265
531
782
792
412
687
113
767
805
200
262
685
2
979
396
287
951
809
614
261
81
4
707
429
27
103
301
753
937
684
835
245
674
733
136
477
140
601
330
721
517
736
683
743
242
950
872
667
827
260
268
305
614
4
867
120
17
790
961
419
214
561
710
225
552
862
269
632
239
583
311
480
672
538
426
927
408
119
665
215
531
254
187
306
391
493
748
845
303
11
670
567
999
102
48
235
748
707
243
739
724
186
142
622
493
708
34
73
809
186
50
544
247
539
582
904
302
75
967
6
799
229
977
847
172
878
183
929
813
602
225
467
365
761
249
221
923
306
295
725
8
242
233
694
860
325
96
129
305
256
471
111
620
540
66
314
293
383
675
852
188
889
251
43
201
332
166
893
472
854
795
98
8
995
819
386
569
651
417
941
77
670
669
840
557
969
955
855
810
484
454
366
48
840
327
896
845
183
199
31
753
394
722
969
13
983
656
439
276
942
239
615
744
315
386
193
532
790
280
494
758
407
942
899
574
531
916
308
519
5
314
660
125
527
725
395
418
721
337
481
933
662
679
667
907
153
418
612
132
313
252
489
406
844
66
984
423
699
499
999
898
790
922
161
714
91
280
37
270
528
96
827
21
899
686
620
363
55
393
212
623
538
947
664
389
581
989
981
58
169
267
521
45
439
976
932
81
982
937
261
924
623
360
850
667
388
437
292
475
20
160
69
193
257
121
479
15
941
861
333
773
398
315
221
559
435
991
186
424
253
284
421
166
151
726
538
238
852
442
675
259
921
529
613
845
586
1
998
293
327
639
123
801
35
790
884
779
750
335
344
912
846
838
751
483
432
134
993
35
821
129
617
887
493
434
725
103
940
555
264
113
410
73
776
827
393
138
12
271
496
458
542
918
955
189
506
420
205
384
629
563
735
746
521
738
861
335
620
927
626
72
446
804
293
122
822
201
619
783
908
343
325
4
727
183
975
822
537
444
210
788
703
604
20
637
534
178
111
88
648
512
965
404
145
47
152
90
898
570
885
384
717
610
577
462
342
68
293
361
927
641
666
945
230
675
946
918
350
195
231
299
643
600
964
352
545
789
689
298
192
178
886
970
30
735
867
146
638
310
193
436
329
531
619
580
496
662
674
671
519
869
754
571
193
118
830
934
845
164
95
306
708
942
692
561
519
244
860
495
416
437
866
149
126
767
506
610
936
277
691
976
398
699
160
714
160
154
128
117
116
291
946
106
601
262
100
50
202
960
766
279
71
463
147
633
291
625
527
455
280
736
473
368
251
823
273
931
572
692
79
760
689
500
255
714
933
746
751
174
11
567
71
660
32
874
343
529
804
56
64
516
20
268
761
424
62
717
825
14
544
167
214
112
279
868
847
304
598
848
802
361
948
754
565
187
117
988
104
314
997
129
634
258
776
945
749
521
463
147
566
386
62
200
510
875
779
577
972
961
15
570
782
304
94
109
136
990
790
452
747
773
48
187
564
45
135
683
986
443
809
332
674
860
16
735
946
257
123
147
311
196
655
89
899
756
126
752
17
717
673
457
195
973
503
243
15
39
207
950
674
909
250
32
293
777
369
148
711
783
871
86
932
153
599
760
274
420
285
549
530
975
689
182
79
848
593
912
654
945
865
107
964
696
576
406
16
970
874
646
59
518
746
277
756
461
176
56
639
972
558
136
496
182
546
675
842
230
659
506
209
896
673
76
631
906
637
929
222
249
627
196
556
958
467
143
123
535
953
850
162
507
321
120
562
677
213
716
451
793
938
702
331
979
208
324
171
393
164
447
284
415
726
610
84
472
778
47
624
554
787
977
430
69
631
46
2
906
437
132
165
477
376
593
849
437
993
676
100
76
582
766
284
173
889
747
229
331
638
848
587
372
104
562
420
703
168
111
27
383
147
606
367
572
377
541
755
7
354
563
795
210
153
969
182
823
902
23
591
60
607
857
347
680
86
890
297
519
136
887
687
410
32
539
0
860
674
830
744
6
296
115
664
501
57
38
722
141
986
157
146
206
469
353
18
882
472
693
346
240
345
4
657
403
445
490
589
162
895
955
504
954
834
909
198
719
480
60
888
908
116
769
579
418
858
59
661
131
886
540
540
880
144
766
477
45
925
388
506
356
704
78
475
174
73
698
853
814
587
269
694
320
880
27
709
439
982
65
320
420
84
310
964
55
152
973
151
539
737
381
160
209
480
554
701
971
374
678
120
305
174
472
977
444
350
471
775
610
62
954
817
923
657
296
461
918
560
36
299
184
860
54
559
219
990
867
265
330
765
818
928
571
423
957
557
841
686
800
746
59
883
702
993
154
911
782
216
156
665
850
842
895
715
820
931
100
875
90
13
367
723
446
584
715
649
476
220
112
753
692
258
263
733
596
44
810
902
815
228
188
593
781
679
151
566
592
196
948
502
956
176
79
386
773
193
105
540
430
719
453
405
812
259
790
61
838
351
853
95
584
390
518
661
207
176
151
942
118
82
614
119
988
227
456
92
769
36
470
51
405
989
673
735
882
33
366
188
595
971
69
33
3
869
433
11
854
831
42
831
484
671
87
401
181
840
446
558
581
463
869
473
170
26
507
315
312
602
932
469
913
41
72
203
702
183
967
936
920
991
665
693
406
249
410
583
806
210
850
764
178
958
294
527
840
610
323
259
363
41
143
625
764
370
565
356
92
426
438
788
244
430
64
72
64
798
195
537
311
731
245
449
128
484
805
939
428
305
706
357
870
252
722
286
327
333
927
163
733
791
785
439
210
490
989
571
897
600
466
35
248
888
534
548
460
181
652
776
692
549
630
680
548
650
805
536
80
37
748
738
756
836
910
79
481
509
309
643
181
488
723
558
668
621
930
460
832
226
201
376
732
217
436
95
702
876
812
784
22
911
400
744
156
597
41
809
943
820
809
735
165
918
910
754
111
712
759
196
917
903
940
69
333
517
301
63
616
886
876
836
602
897
881
519
911
19
40
397
4
86
896
364
612
151
670
277
323
419
404
641
32
237
721
1
390
561
699
740
100
838
723
95
762
874
577
989
317
171
133
371
71
78
701
73
682
735
283
517
287
399
349
267
758
482
864
764
959
167
622
580
590
747
413
605
789
989
675
907
6
366
995
20
303
918
147
154
609
840
631
862
997
0
783
388
158
525
904
183
529
296
92
370
111
343
382
350
91
503
622
186
522
419
80
453
964
18
26
745
814
383
607
533
989
65
868
388
344
327
215
55
740
260
445
2
347
118
806
987
754
571
684
47
303
786
353
499
410
367
146
769
699
150
640
134
639
950
600
972
944
281
620
321
169
722
502
656
576
29
546
96
321
322
465
848
560
722
48
611
971
830
822
859
771
85
342
620
543
343
74
344
131
490
294
348
592
744
257
946
531
412
460
165
769
498
269
432
618
678
459
47
453
237
854
809
47
306
141
764
119
25
363
293
957
621
469
13
133
512
471
456
840
811
25
498
454
244
941
882
364
933
901
417
366
440
792
457
531
513
960
340
650
437
216
537
565
611
685
948
211
795
585
686
458
795
928
474
847
105
666
688
214
988
982
737
522
272
377
226
95
196
935
731
445
973
350
130
872
595
798
290
893
500
201
794
872
114
221
265
356
689
457
107
6
55
814
699
827
11
748
10
204
751
666
263
648
626
751
71
550
551
124
127
531
70
539
383
195
806
701
497
899
556
49
563
740
366
309
962
292
776
178
909
130
138
969
450
585
169
457
538
417
726
259
461
302
814
647
361
993
873
9
122
727
484
164
170
663
344
398
600
418
39
987
417
47
183
340
288
681
417
513
445
897
825
562
813
283
698
396
452
444
175
395
468
677
272
806
951
430
916
791
541
181
213
753
196
50
784
988
584
164
103
344
959
614
337
411
156
939
552
227
25
418
663
246
303
96
305
867
310
334
723
86
144
41
616
239
256
491
137
5
203
580
438
996
162
966
180
565
214
216
882
532
189
298
201
839
116
106
131
588
906
872
392
319
156
791
995
353
806
691
87
534
477
92
116
70
799
312
152
701
525
541
847
417
566
845
352
232
183
219
310
721
34
857
615
481
245
782
541
434
173
195
573
969
761
815
421
560
481
338
159
439
152
965
847
396
769
29
855
462
434
181
483
719
32
79
283
700
467
282
744
66
827
483
405
309
515
682
799
626
96
522
710
562
111
405
550
22
111
147
108
409
797
984
807
665
873
378
911
590
59
649
815
817
849
140
463
790
79
890
38
68
396
577
70
942
763
374
485
670
426
334
64
280
172
74
748
50
877
219
79
985
759
948
409
40
25
480
574
72
687
262
571
909
752
991
904
77
651
583
751
679
901
628
856
927
761
713
878
262
500
501
258
837
489
705
683
590
995
599
337
0
229
559
917
621
568
289
247
411
439
890
376
608
297
390
42
823
790
347
316
799
440
904
116
967
382
199
736
170
698
623
185
525
912
251
476
974
756
189
129
365
954
667
412
738
432
162
498
810
521
56
173
835
611
700
807
237
604
308
262
71
802
986
513
733
82
832
476
88
877
903
11
492
360
330
320
737
140
361
658
871
978
635
542
239
749
790
801
827
838
407
10
346
157
258
99
817
538
857
419
548
305
962
871
288
392
996
444
573
260
936
529
822
35
803
708
678
367
629
756
114
55
681
988
233
140
518
883
781
853
456
419
374
346
855
157
891
503
345
426
480
507
897
59
163
32
640
704
326
442
358
485
106
903
600
719
11
617
237
819
212
333
89
999
378
471
650
405
443
135
553
421
470
749
211
455
684
787
191
534
590
612
732
395
194
578
132
854
848
204
165
838
383
301
839
628
889
5
110
42
534
15
991
385
336
824
896
653
685
590
558
131
545
165
297
787
524
927
126
803
766
295
982
434
654
175
189
944
204
751
209
995
923
872
904
18
379
369
693
498
953
460
829
312
972
800
424
110
524
222
173
948
556
938
428
145
603
410
623
411
264
546
292
699
878
32
1
590
455
646
106
353
424
393
795
237
163
494
596
248
404
498
809
615
41
173
810
12
67
470
844
74
394
721
583
143
347
764
942
229
521
713
163
104
918
573
768
541
67
680
671
299
586
379
673
835
697
732
571
136
766
567
269
639
94
60
319
740
175
889
391
411
187
891
475
490
448
266
368
193
769
265
880
854
860
556
100
356
120
910
82
457
673
284
195
951
57
683
518
23
141
909
702
625
465
327
786
717
999
232
859
941
411
500
253
123
663
395
841
899
267
959
821
783
254
935
203
915
491
570
267
576
782
847
452
135
602
599
865
147
774
6
61
771
271
632
422
812
447
814
623
298
966
889
636
265
234
392
605
302
291
619
33
629
393
557
501
229
19
664
706
165
29
818
475
626
169
208
983
109
379
660
545
50
733
355
908
188
929
247
130
236
488
788
801
873
980
570
207
907
258
444
731
528
675
471
142
995
236
247
324
782
247
874
252
192
576
752
448
730
195
361
881
821
714
901
622
407
607
279
985
179
890
223
823
396
625
974
919
633
928
617
35
977
268
262
864
462
876
774
433
89
745
717
77
338
593
932
549
774
357
824
208
463
376
25
389
521
713
827
671
216
672
407
904
254
393
990
48
490
143
13
270
459
163
868
588
804
979
131
376
121
948
794
306
375
135
348
225
543
447
15
50
40
51
726
170
276
483
309
194
566
164
133
54
333
975
475
152
944
978
507
640
171
943
661
447
200
20
500
919
439
853
785
186
451
200
304
50
14
347
331
672
605
166
132
472
953
248
266
632
343
330
781
17
152
89
581
469
462
300
638
664
709
381
174
542
688
981
217
325
522
762
334
507
71
840
163
164
596
295
210
191
611
489
20
677
191
946
900
50
84
737
23
512
881
339
502
58
450
110
21
368
725
826
933
751
464
556
60
431
720
182
89
998
949
493
105
593
886
356
167
756
808
901
214
763
173
499
188
854
597
970
424
780
115
500
876
442
373
443
508
367
614
578
382
220
426
254
59
932
817
265
923
159
873
133
526
367
859
445
172
112
486
787
259
345
496
757
175
187
358
717
82
704
735
281
77
378
181
678
463
839
745
490
931
11
432
754
544
404
737
904
358
730
167
66
630
18
837
984
228
664
456
34
647
516
721
478
690
929
611
748
239
542
71
16
481
429
482
690
546
791
972
236
379
617
184
563
433
113
504
388
49
928
716
190
920
338
135
283
180
904
884
412
141
221
35
449
730
928
168
184
293
631
187
643
273
161
359
0
331
0
826
445
34
346
964
429
150
709
885
164
651
74
724
868
471
529
782
650
13
59
492
732
72
278
187
803
267
512
243
833
302
545
51
632
515
100
283
976
719
704
242
21
52
397
974
990
426
311
489
630
363
267
844
448
913
476
37
666
347
695
452
940
171
875
908
68
742
224
354
658
558
872
336
92
362
287
360
512
450
218
327
789
779
264
658
710
976
793
373
219
900
992
905
13
667
705
370
277
282
672
255
953
620
789
874
369
256
171
604
104
376
407
971
858
155
770
193
688
585
430
551
529
280
492
289
415
332
794
544
141
510
131
450
370
807
390
359
782
914
551
411
473
158
599
865
18
419
798
787
429
869
327
486
778
907
960
952
307
961
386
421
331
941
953
47
359
558
892
33
673
989
641
169
795
874
315
866
569
213
906
24
634
677
76
765
14
379
989
725
445
701
873
489
463
402
555
521
545
414
23
330
719
431
352
261
103
780
231
272
645
21
964
104
487
141
316
94
64
410
18
716
558
847
802
966
229
135
913
147
983
449
592
864
61
653
394
601
854
152
490
661
902
303
471
177
586
368
548
2
303
4
211
215
605
784
247
746
856
328
16
74
855
933
905
692
308
625
230
709
557
333
110
374
368
368
226
885
382
20
299
21
33
89
263
664
179
589
204
520
450
931
986
417
442
434
627
270
970
517
904
924
27
601
458
139
809
665
234
716
368
270
571
13
535
627
133
849
685
687
547
605
846
932
952
91
730
394
445
584
11
722
567
380
441
575
387
563
850
461
89
834
417
871
673
289
772
619
923
913
402
972
713
925
985
585
237
417
230
729
54
976
855
590
712
951
190
972
372
930
604
923
891
202
386
227
344
945
411
719
732
238
687
822
997
513
246
841
857
512
121
932
502
574
348
476
656
657
516
629
837
436
841
997
359
355
595
382
585
115
58
906
452
387
812
963
617
74
17
797
711
52
35
91
758
382
71
372
855
569
480
661
89
973
27
772
446
606
115
46
649
911
941
891
803
276
156
537
408
603
699
713
924
536
209
318
435
731
608
529
550
433
61
101
659
450
988
563
408
8
343
225
1
673
51
925
608
305
392
67
292
749
265
269
244
230
832
518
913
442
415
573
153
816
443
398
393
517
2
610
771
523
709
672
678
321
937
280
431
370
704
934
162
364
190
819
359
229
708
180
168
894
497
341
69
238
949
206
73
732
925
818
786
344
67
820
78
513
471
683
236
337
983
428
598
299
266
481
36
933
551
371
509
727
616
577
833
921
105
816
645
337
446
488
171
120
767
663
506
683
642
775
723
682
888
936
785
359
303
97
923
591
799
237
547
889
602
590
159
256
643
659
289
220
481
101
114
55
981
436
11
591
992
210
657
240
94
820
356
990
686
707
459
371
283
70
672
493
381
368
292
617
157
651
123
788
633
622
660
546
18
938
913
280
13
74
887
895
54
538
451
207
408
626
518
253
967
285
808
874
821
360
232
367
550
8
465
727
71
95
757
127
217
185
304
706
703
240
489
242
717
486
182
39
674
91
826
412
936
463
768
709
670
44
631
724
482
622
827
74
601
608
970
372
210
609
251
471
323
412
738
947
862
609
198
48
63
562
646
592
533
380
972
604
722
649
149
861
454
696
348
580
527
730
909
697
423
272
706
691
604
993
978
476
327
754
600
711
920
805
935
106
876
315
506
481
92
446
914
592
326
790
994
151
566
988
383
993
250
143
179
147
298
993
933
16
210
593
675
225
263
534
736
274
992
896
619
632
867
291
389
158
111
26
196
856
930
412
870
893
933
600
272
165
23
41
577
437
239
575
913
12
974
273
939
898
129
978
130
566
11
847
111
113
276
671
968
1
175
161
792
13
937
802
138
988
220
29
520
672
60
509
769
269
590
296
439
580
906
459
117
442
125
514
904
267
868
871
38
463
14
609
379
454
948
176
479
281
46
114
810
681
211
764
408
312
998
622
682
214
589
290
421
68
500
771
970
108
128
307
477
954
994
85
462
102
917
5
558
686
325
968
596
252
124
600
658
930
233
532
412
615
96
269
337
466
989
462
444
319
909
756
231
982
543
83
387
588
551
288
114
362
269
57
523
173
164
963
399
944
247
795
99
522
207
339
83
276
16
47
527
588
145
243
698
34
250
371
679
620
288
417
921
492
422
430
433
262
663
288
247
53
771
152
831
712
199
551
422
873
965
484
570
151
766
917
165
679
796
960
291
861
600
750
214
209
171
42
151
481
188
167
320
926
772
480
838
188
287
944
970
279
962
297
484
71
174
690
970
6
831
729
866
422
518
55
461
90
205
112
823
792
541
108
0
203
677
950
120
613
743
342
995
77
61
432
735
396
83
778
118
196
528
745
788
540
937
846
688
150
90
341
353
367
348
10
40
757
290
785
856
285
439
761
166
845
545
832
830
840
424
497
262
790
900
861
411
226
562
486
884
699
856
801
264
625
332
802
720
836
889
380
77
557
516
428
586
970
615
652
362
748
751
163
232
273
419
147
645
136
346
508
6
375
920
947
345
393
463
219
56
569
90
353
910
475
916
366
967
523
183
946
743
278
425
631
139
755
45
743
444
20
660
549
706
50
393
434
121
301
714
665
506
793
17
518
835
678
844
792
390
678
925
460
745
692
524
234
509
589
431
210
971
442
356
964
451
387
913
116
553
391
423
477
818
895
198
447
129
730
948
455
547
823
138
339
329
40
18
858
30
706
421
379
90
677
935
100
598
656
295
982
821
310
448
68
527
905
502
458
846
69
602
929
674
579
519
399
624
614
816
920
801
128
32
302
270
225
463
622
808
445
598
60
996
787
189
813
318
632
69
367
197
635
307
681
367
371
720
510
353
671
538
611
693
972
203
76
622
566
989
197
696
306
225
105
308
892
715
97
589
290
488
275
154
331
312
347
358
925
483
121
38
133
922
281
187
138
162
423
233
832
850
560
278
925
731
649
200
526
854
717
299
633
636
475
177
462
577
214
874
398
111
833
581
928
153
64
941
939
333
66
17
166
331
924
542
193
941
173
814
392
613
795
222
327
503
877
430
408
279
191
390
118
599
428
486
335
954
828
869
207
490
445
841
676
234
282
798
546
964
898
931
50
619
897
837
980
679
959
266
920
62
80
540
276
844
538
468
773
496
60
632
980
93
794
268
749
128
955
884
737
845
607
613
202
915
585
221
484
157
130
176
552
824
135
155
43
671
744
217
738
12
932
335
927
831
30
400
565
11
138
185
805
76
773
451
289
164
176
705
72
646
31
778
580
34
646
578
710
888
297
115
807
627
493
962
668
252
935
647
501
123
493
46
67
241
833
647
682
319
809
310
908
346
231
640
854
192
911
440
380
84
407
682
97
803
650
511
863
767
872
848
713
169
385
727
562
953
307
417
932
486
23
290
938
246
192
896
618
81
44
172
160
455
486
463
876
400
215
255
196
912
978
772
714
23
845
430
274
706
522
537
489
42
64
40
837
323
687
363
391
470
239
757
596
250
175
0
51
388
750
190
562
934
164
84
174
992
120
920
134
298
714
468
978
820
303
939
685
860
707
483
105
943
442
804
350
5
584
410
55
859
421
608
833
260
880
836
421
871
760
342
25
138
236
242
575
737
838
65
567
576
490
241
184
206
799
0
829
960
396
282
251
519
707
750
651
951
583
721
882
562
620
368
624
279
304
928
303
770
200
320
849
142
86
307
607
119
152
623
355
467
34
680
871
332
307
707
431
343
858
981
803
356
857
745
957
343
418
517
680
58
14
941
785
316
453
263
713
31
83
978
110
964
105
466
671
356
406
126
13
632
953
206
64
937
317
332
832
705
894
866
444
461
258
298
573
524
764
163
518
222
373
782
818
172
726
744
286
679
275
832
674
567
255
76
50
189
308
491
262
367
390
709
795
288
95
285
383
994
516
208
451
34
831
454
177
162
873
901
740
557
661
904
522
739
651
673
914
289
521
909
42
627
221
324
119
716
625
869
635
217
339
121
824
315
752
239
930
246
339
472
180
806
258
227
370
601
506
139
488
370
886
640
563
320
421
849
381
500
553
731
54
115
529
830
251
606
554
160
161
960
4
938
332
507
811
376
625
697
896
436
31
374
312
31
521
777
202
460
632
557
730
953
517
797
691
166
639
808
262
305
34
358
513
244
150
882
550
309
855
324
767
974
386
955
131
731
542
203
78
724
147
327
495
650
541
165
319
988
67
140
155
956
489
833
535
289
92
224
802
208
171
518
153
916
675
192
796
107
937
82
938
288
987
532
320
448
564
319
610
301
436
611
542
978
862
468
905
567
832
266
148
266
292
928
625
286
984
657
187
390
106
656
814
188
540
138
175
121
726
627
620
931
527
682
788
537
50
127
310
968
111
344
608
101
316
709
890
266
941
341
917
118
353
343
464
313
555
702
295
591
63
806
841
233
808
104
765
982
108
210
383
477
426
359
68
235
122
788
589
308
867
143
508
908
682
952
684
481
70
324
56
833
139
368
630
950
85
388
158
455
919
514
975
381
847
522
387
260
868
795
723
693
154
84
376
377
673
982
949
896
670
169
667
268
498
910
906
463
578
819
488
471
706
147
551
570
344
25
103
91
236
356
33
978
708
334
882
838
117
877
920
91
78
708
710
39
287
670
529
9
539
838
823
936
759
156
363
71
643
80
729
593
535
415
219
511
460
412
366
728
369
975
319
909
396
430
31
834
976
558
32
715
785
292
246
8
332
849
148
469
99
18
494
37
638
916
261
272
716
315
925
939
244
966
21
546
385
978
18
592
962
12
825
831
819
959
541
833
307
851
109
649
944
840
844
428
1
729
553
184
635
492
103
800
265
815
411
369
22
295
267
508
193
769
708
172
626
176
699
165
703
244
733
27
427
4
776
367
144
239
819
834
508
755
142
214
68
705
749
538
447
580
973
389
185
76
947
884
252
761
590
721
677
398
380
261
524
860
396
773
171
489
201
405
916
732
732
342
901
223
962
335
16
276
879
819
395
924
21
556
496
861
32
529
51
155
603
411
155
539
979
121
14
908
786
764
889
425
869
533
916
726
994
661
760
319
178
798
173
270
171
414
322
196
541
443
125
64
46
331
592
860
788
192
731
992
712
874
562
187
950
502
259
358
317
929
799
671
105
570
672
350
723
320
573
977
318
873
491
279
172
342
134
919
953
229
678
387
397
774
930
415
680
65
219
758
519
979
132
309
663
419
375
215
376
695
986
858
493
935
605
650
415
563
335
617
693
798
487
612
747
853
106
323
699
31
648
624
642
790
669
852
188
865
383
717
95
970
985
776
806
478
52
363
220
323
926
343
978
815
370
578
575
822
599
553
488
471
54
450
507
410
515
789
87
841
222
81
510
691
628
533
891
494
327
603
634
198
724
840
673
646
445
561
133
410
638
523
981
97
502
782
499
819
150
508
911
111
838
37
73
913
912
563
259
342
508
548
272
418
684
793
665
124
689
82
263
111
138
548
61
337
483
447
564
953
777
91
402
3
769
227
31
111
816
274
278
914
460
513
819
392
802
454
996
838
880
334
963
397
998
516
209
205
271
134
836
674
145
85
664
57
703
689
275
963
512
523
767
220
731
712
52
329
631
190
394
881
214
293
44
58
486
554
621
259
17
627
970
301
593
52
847
648
485
10
297
565
347
840
696
812
93
878
624
135
862
747
236
826
829
472
718
99
270
626
302
787
381
156
294
951
273
795
740
73
984
171
429
460
841
369
353
742
884
660
783
441
496
828
852
610
578
976
402
551
854
460
590
3
634
786
191
477
263
839
790
808
923
964
677
735
415
653
343
941
119
386
848
899
633
411
877
737
922
919
459
277
104
452
303
659
724
917
350
481
957
489
821
902
506
820
119
449
833
359
491
711
285
330
297
588
49
885
739
951
941
32
772
673
968
274
988
653
833
26
858
679
869
164
353
560
471
789
868
822
397
491
315
678
797
157
952
637
127
675
994
924
560
674
126
160
199
811
334
408
453
103
987
4
444
377
481
671
673
841
49
924
803
953
743
538
49
522
618
204
445
685
481
252
205
996
97
216
953
344
125
886
287
98
681
427
440
299
649
619
231
44
424
131
876
579
583
484
795
453
369
917
986
429
814
605
193
977
42
403
103
176
622
581
937
67
555
525
817
880
639
109
780
657
656
659
384
980
262
92
445
344
632
265
349
672
251
681
175
42
196
48
189
670
395
134
847
704
980
34
695
45
764
935
593
823
547
629
224
972
481
221
594
351
718
671
408
118
991
299
743
348
798
997
946
225
324
248
255
310
896
787
14
814
477
746
560
174
355
461
329
74
627
81
67
569
194
737
300
280
685
757
634
910
907
873
985
667
678
681
880
107
936
309
559
716
411
477
943
77
470
445
11
598
426
126
564
678
715
930
984
262
650
597
782
691
820
528
710
879
613
150
41
696
383
56
261
224
898
358
318
944
70
722
398
594
414
994
618
247
592
157
712
853
640
200
694
397
673
750
169
973
905
655
655
449
233
960
127
106
959
471
664
781
592
749
820
671
79
80
465
283
521
187
706
194
870
584
21
493
468
337
915
670
755
321
148
231
930
287
514
628
580
520
483
238
60
30
113
651
138
201
970
535
812
252
219
993
352
830
125
455
212
112
24
59
359
110
928
827
160
503
633
691
568
849
99
941
428
432
425
385
345
121
931
778
900
752
284
39
740
199
675
734
41
765
277
113
392
128
359
310
819
234
932
108
520
825
350
753
298
523
385
537
656
762
141
397
645
353
609
230
766
13
37
586
443
86
2
245
772
770
498
228
48
365
216
562
988
506
776
81
218
921
133
92
177
953
705
838
757
290
109
463
489
904
82
612
884
590
915
880
602
848
211
481
751
432
724
237
682
136
485
89
324
546
77
842
522
614
146
51
337
880
114
963
52
979
742
238
126
549
288
541
661
209
719
875
234
441
573
340
227
15
236
187
421
702
346
886
765
697
102
26
25
250
509
52
324
919
892
160
777
881
19
48
147
565
123
472
763
26
91
688
406
254
955
247
628
212
474
760
140
214
552
274
921
970
84
201
672
40
516
997
492
380
953
661
816
977
268
337
915
691
809
665
14
964
371
574
562
320
667
685
737
593
36
225
332
66
372
46
350
568
319
275
56
137
76
627
198
480
310
217
844
619
681
518
248
936
737
843
90
68
206
655
217
899
922
388
682
34
666
701
41
814
469
702
322
779
480
827
495
758
678
851
103
24
966
61
988
551
566
645
490
276
696
268
598
897
856
117
181
40
117
563
404
658
494
58
367
179
140
891
212
829
231
194
818
419
358
159
473
383
219
731
437
792
486
76
315
409
772
877
170
254
865
310
194
141
319
225
502
301
14
935
231
653
729
550
375
529
76
98
868
430
659
500
703
175
413
541
598
534
898
719
931
831
2
595
982
450
515
55
561
737
839
54
68
104
888
530
937
378
150
924
615
965
413
365
715
265
951
886
248
438
410
705
370
348
405
850
605
960
331
194
870
960
254
780
645
182
856
997
357
30
214
429
109
665
614
129
542
368
66
103
740
127
555
358
486
521
210
350
550
229
408
577
65
128
816
383
564
151
38
174
49
367
745
247
773
908
856
427
512
320
472
616
567
301
578
585
565
500
409
723
400
424
476
613
324
571
289
421
306
220
682
723
415
659
149
419
167
334
458
663
814
403
5
473
394
463
458
587
958
81
844
510
767
171
934
71
132
922
753
319
58
229
543
346
817
22
320
723
600
429
372
827
786
674
949
326
71
737
210
666
818
4
635
38
300
60
324
399
783
911
888
137
863
848
904
386
645
871
872
953
245
562
641
951
570
549
118
589
610
306
697
935
378
718
684
204
130
107
273
917
767
545
418
595
480
681
635
510
47
722
491
189
928
419
676
94
106
996
322
302
329
451
417
497
645
82
827
205
84
217
624
704
383
727
993
417
140
386
619
289
633
496
313
986
478
698
204
485
776
236
70
774
675
661
293
742
17
264
964
190
322
83
62
398
745
596
399
136
993
704
351
331
76
434
249
158
372
111
148
157
688
328
103
965
705
620
448
814
693
657
672
629
454
34
913
247
962
409
832
137
248
959
70
317
104
968
272
434
596
418
711
837
119
169
558
0
734
731
1
745
744
984
736
81
985
977
634
848
412
535
591
510
578
146
764
376
514
124
332
540
142
252
334
226
310
362
34
566
435
122
315
612
825
524
636
541
565
82
940
92
322
431
1
836
908
814
757
219
48
749
408
462
943
559
103
946
242
872
578
116
391
135
703
466
552
58
511
226
858
145
136
672
187
720
961
510
706
381
282
544
937
908
650
436
663
885
849
824
289
509
224
587
143
41
648
998
753
472
242
446
626
879
9
714
715
701
132
243
544
281
910
422
416
303
506
674
706
306
382
68
383
802
830
123
487
291
407
334
676
381
903
879
133
235
457
447
664
732
772
667
197
885
860
531
132
262
903
83
175
886
806
247
785
293
448
914
978
180
464
46
765
127
595
468
179
252
13
570
461
421
847
558
441
783
988
137
914
245
881
342
533
503
563
612
21
807
406
495
473
626
955
748
6
455
77
83
697
974
652
699
646
138
591
366
2
810
2
969
181
820
617
948
101
783
826
489
342
417
921
706
279
985
892
455
487
106
859
10
665
127
315
128
841
360
128
992
155
379
581
917
264
365
954
895
809
346
448
786
410
861
86
363
600
466
886
601
198
757
119
238
744
629
389
61
241
850
484
761
883
268
738
266
238
7
897
413
724
737
389
438
943
501
643
695
531
869
758
779
673
577
754
217
544
695
581
7
399
748
780
573
209
911
110
789
453
754
182
492
866
472
876
533
687
860
514
535
808
378
671
246
36
438
196
427
808
581
177
982
903
166
687
71
163
884
174
840
269
701
22
86
388
149
437
43
563
67
890
414
447
457
266
66
931
469
744
275
87
795
331
35
934
220
476
538
666
223
846
32
299
834
674
771
626
710
77
804
759
406
138
978
306
123
763
728
8
256
807
743
174
356
667
782
804
524
7
236
488
697
979
195
246
243
506
558
614
981
775
376
957
767
413
476
965
602
191
695
419
67
18
934
720
139
647
658
730
483
383
198
461
812
972
212
999
937
361
256
409
623
684
397
196
305
416
128
450
303
919
79
945
222
73
904
509
46
182
174
978
188
826
356
519
472
723
410
435
618
676
976
527
871
616
492
448
73
95
0
564
659
236
434
601
12
385
453
484
649
608
489
648
622
579
246
99
261
698
108
767
236
418
389
762
601
201
540
297
145
856
24
587
127
34
139
95
516
521
688
850
246
915
325
574
677
754
405
322
706
517
309
122
990
839
325
747
963
142
603
678
851
778
783
627
557
888
275
494
455
741
998
133
514
741
129
104
440
855
43
898
960
504
870
166
316
160
227
465
58
271
938
843
939
545
274
295
445
269
830
221
99
966
499
549
490
317
828
327
829
754
443
977
493
368
494
